.Random.seed <-
c(403L, 138L, 1380228519L, 1156379253L, -1567270235L, 91755644L, 
1044873666L, 1549622139L, 1746205095L, -1068686505L, -715210784L, 
-1684488100L, 1640141423L, -1555100539L, -1351654084L, -1362867367L, 
966387115L, -232134130L, 1720104148L, -502453338L, -268337348L, 
-208165479L, 876733571L, 1787934588L, 341835964L, 1771557826L, 
-74249113L, -576334033L, 1210732816L, -1162911928L, -1031385133L, 
-709755876L, 576365850L, -1547845789L, 1396718725L, 1653580715L, 
-1887392265L, -1490738362L, 926616192L, 1385861409L, 854758789L, 
902632925L, 607844118L, -791010302L, -2095459439L, -125804833L, 
1261423026L, -983074689L, -234348215L, 1937276452L, 1504067754L, 
-512992308L, -1564614930L, 1060508355L, -740772623L, 1855524298L, 
1236937082L, -1122513144L, 764815333L, 509629925L, 1783677714L, 
1124738882L, 1951127425L, 1255124330L, -172315640L, 1598532793L, 
-1956536189L, 1276560033L, 130377473L, -652023896L, 1707041998L, 
414389207L, -1308806005L, 1391204555L, -920242524L, 994186408L, 
-384576829L, -652620967L, -384787568L, 243640501L, -522140617L, 
-1425476646L, 878049640L, 1022385930L, -1654525040L, 495959053L, 
-1148893625L, -1103442832L, -194425544L, 232516750L, -2032990205L, 
-2127858541L, -662947588L, 367468644L, 734613455L, -1034174768L, 
1094142750L, -440877193L, 1431423617L, 763322183L, 1917552147L, 
1422710706L, 1628005212L, -65829747L, 1337577817L, 47799425L, 
1162858122L, 1445628990L, -502086475L, 466844003L, 1296374966L, 
-1153649173L, -1905224987L, 736238960L, 1589879982L, 1274031122L, 
-99354455L, -143774543L, -253368065L, -617037071L, -752880150L, 
875134289L, -1480092456L, 1979896513L, 1888089455L, 258165342L, 
57661909L, -709767485L, -380433170L, 1638101034L, 2015159320L, 
1666527667L, -435938886L, 1337105406L, -1551960052L, -224386096L, 
291244823L, 329704830L, 2005548085L, 1383808144L, -1497098710L, 
-1635059031L, -301451296L, -1111467872L, 1385566429L, 91938469L, 
1902329559L, -1547904764L, -111434729L, 923057391L, 695458457L, 
-1830179789L, 1472384720L, 1468446695L, 817638158L, 194940951L, 
1525775761L, -388012888L, -993396501L, 69059425L, 1711603800L, 
983992324L, 1528408274L, -2059089931L, 1113391888L, -1805463796L, 
567432806L, 145792162L, -976854067L, 1090674940L, 867241915L, 
-2050632330L, -923044788L, 897388671L, -438867376L, 1350423629L, 
371664844L, -770763079L, 1145964217L, -1072307549L, 1995218448L, 
-607499603L, 770449313L, -520269886L, -1442195087L, 791485647L, 
-549570976L, 993745012L, 1768445706L, 1240108742L, 569679279L, 
137446980L, -1945565983L, 1051974432L, -1102175588L, 133097898L, 
-823001205L, 727688818L, -574822246L, 1234535403L, -1668008404L, 
-764482432L, -1237394179L, 271185101L, -1883690737L, 1495844001L, 
-1982137398L, 964030607L, -1620331270L, 1257195247L, 1414402563L, 
-295569363L, -2009307226L, 1297359435L, 124987135L, 1757554544L, 
-389402053L, -788926751L, 1118952590L, -970425942L, 1852751612L, 
744079464L, 1034069385L, 733338070L, 261508207L, 1435455446L, 
669039846L, 45296148L, -715039599L, 598648208L, -467274800L, 
-789036151L, 37486166L, -246647182L, 1327751179L, 1313138179L, 
2074465281L, -578271389L, 1902613348L, 315686025L, -925413984L, 
236560445L, -474139699L, 1940589551L, 660439020L, 372871593L, 
378905525L, -735381882L, -1896156883L, -485344829L, 1542049044L, 
1969950024L, -1201871146L, -367582134L, 1522973955L, 1241869664L, 
-2118178603L, 253184676L, -1600464160L, 1340947430L, 2068850743L, 
2111999070L, -1122350706L, -962710321L, -1593819240L, -1383703516L, 
161059089L, 1845148401L, -80064677L, 185220389L, 812592094L, 
-1528069237L, -1124421458L, -2017467293L, -384092393L, -1157085911L, 
-797401550L, 743938775L, 754095491L, -673930540L, 180465463L, 
1909874245L, 1555722354L, 1587696206L, 1432901857L, -2053647746L, 
-1079397058L, 96410199L, -862820069L, -1581532260L, -1385494993L, 
155680435L, -1472783871L, 1734503891L, -727429908L, 1493691601L, 
1597997715L, -73465337L, -2053670445L, 595625131L, -1121814782L, 
1766563707L, -1781420555L, -372347754L, 1200802338L, 330375469L, 
-1410600722L, 928176442L, 104458090L, -6895636L, -291687781L, 
-1096154992L, -278031242L, 835668672L, 1606984702L, 1672274782L, 
-784932225L, 1844980896L, 422958936L, -727910419L, -83145555L, 
-41593366L, 1214195589L, -1409316843L, 1873650475L, -1241937631L, 
-2040687714L, 1572174403L, -1228736391L, -1602284811L, 518348413L, 
-862173403L, -670691196L, -1277762463L, -2032979701L, -1298910936L, 
-81600576L, -793640897L, 1857288768L, 1725719712L, -1170735936L, 
-531439834L, -1628376831L, -1938712698L, -1207478392L, -1806726614L, 
70697924L, 27369092L, 1229391013L, -1009168518L, -1833917398L, 
943074499L, 1082197767L, 1659442960L, 723455987L, 607542071L, 
951789933L, 428857775L, -648486376L, -1522544987L, 1824367191L, 
-896194797L, 1303102855L, -1405252321L, 85135630L, 1481819215L, 
-765147287L, -1900405942L, -1662503706L, -542028143L, 2136935378L, 
-285751858L, 1590465854L, 636708768L, 1281527479L, -1260392900L, 
1525786594L, 1429427588L, 482953682L, -684471446L, 989956203L, 
1709699124L, -1141268852L, 1128090529L, -1148555935L, -608900282L, 
-857079839L, -184990895L, 362233343L, 2061258597L, 380359314L, 
315716639L, -1083571755L, 1298572793L, -775412711L, 2071035777L, 
346436568L, 533190109L, 84477751L, -478935964L, 915880424L, -1671165523L, 
-804047089L, -2099802553L, -90600510L, 1015758666L, 2089912448L, 
1603466407L, -459558596L, 1697754676L, 1241495823L, 722518615L, 
70824643L, -962534222L, -95387481L, 1944133486L, 220265263L, 
1077331050L, -1015267268L, 183827464L, 267070207L, -17940117L, 
-176386599L, -341881604L, 830665715L, -1396248059L, -438598004L, 
984649508L, -189823016L, -2047052321L, -420812940L, -1723011801L, 
1530220878L, -122525565L, -690808315L, 1007648233L, 2017197292L, 
565585724L, 674074566L, -559707339L, 1972465022L, 623141722L, 
-906496727L, 604413721L, -876149827L, 1033664380L, 1292147777L, 
2063724084L, 1919667769L, 1209199468L, -1491971626L, -964618370L, 
1821387221L, 1403930569L, -1810513829L, -2019130002L, 1622682025L, 
-1629064041L, 1066428322L, -301132166L, -1777418530L, 578665349L, 
-308289750L, 342897545L, -63385252L, 1141694401L, -692243733L, 
2035492147L, 908772534L, -803862042L, -1641959012L, 854574387L, 
1628166176L, 834279536L, 2082414931L, 821746243L, -1952801065L, 
1025605190L, -2077339133L, -1701607446L, -382126029L, 999525318L, 
-226044096L, 1501175260L, 1535641939L, -1143042473L, -1604866659L, 
2144797080L, 1414443463L, -1979969119L, 325105544L, 1967069664L, 
-1728341996L, 308352507L, -1091353976L, -134170693L, 1012266234L, 
1001370431L, 371730937L, 355747309L, -633677304L, -1604428336L, 
2085179754L, -2070689607L, 2113578042L, 241479694L, 464054341L, 
-926261923L, 2084964409L, 787660312L, -522863227L, 1200133041L, 
-2024098361L, -277276829L, -1382722297L, 1876250530L, -1055423321L, 
-1462663464L, -1574964556L, -98553426L, 898219114L, -1252396589L, 
-883552470L, -279824161L, -792527853L, -521801131L, -448523846L, 
-685536054L, 1899971628L, -20827224L, 697091188L, -812355159L, 
1623987062L, -582528515L, -1731393239L, 830836269L, -1256752819L, 
-322988434L, 2096512125L, 936712688L, 891095500L, 1323601996L, 
-1149181779L, -1346928213L, 920713081L, 1773809677L, 484740293L, 
509573796L, -1192346907L, 711494114L, 189040502L, 1684913228L, 
-1064448528L, -691755551L, -1900331900L, 2090267345L, -215235315L, 
976509039L, 979369228L, -1620699988L, -110885650L, -1728658670L, 
568567778L, 927252371L, -1007934388L, 1274852943L, -216063461L, 
-1291194029L, -747103629L, -1620195674L, 1015738068L, -174092964L, 
1631494012L, 476674921L, -2122688573L, -1237193896L, 737246274L, 
-1239885689L, -1590981790L, 392820086L, -1651680597L, 436683553L, 
-2000275430L, -697650779L, -395890783L, -1764768255L, 601980057L, 
1796640401L, 898688937L, 956596538L, 1406896958L, -1125471081L, 
-219281651L, -2036142104L, 1730529365L, -2060004143L, 1659833694L, 
